1757412049176 0.7929478810075554 0
1757412571835 0.7834662627584881 1
1757413120904 0.7752425458394493 2
1757413629268 0.7722122342143755 3
1757414164127 0.7659977299192683 4
1757414668819 0.7628891287507633 5
1757415203824 0.7563401035361282 6
1757415708781 0.7561184336658506 7
1757416247142 0.7537760419359539 8
1757416753433 0.7555085925946532 9
1757417290263 0.7533082220392449 10
1757417794694 0.7514128249597065 11
1757418328670 0.7526992592707622 12
1757418832079 0.7498864744747584 13
1757419365789 0.7468011173634476 14
1757419869347 0.7464009511998394 15
1757420402563 0.7410472556793463 16
1757420912969 0.7412557868357353 17
1757421447606 0.7403196583951683 18
1757421976036 0.7407083467181474 19
1757422512505 0.7389549363439174 20
1757423019807 0.7393770956884428 21
1757423553421 0.7367448847155789 22
1757424057865 0.735583688174779 23
1757424590476 0.7328730698940308 24
1757425093104 0.732982696005394 25
1757425622766 0.7334662508159988 26
1757426122057 0.7312028177729987 27
1757426651222 0.7305186016992337 28
1757427168303 0.7310779176377458 29
1757427697904 0.7293241771951746 30
1757428199151 0.7294484255436922 31
1757428742924 0.730180177038336 32
1757429244750 0.7298845445526083 33
1757429778205 0.7300773076821725 34
1757430281595 0.729943880525131 35
1757430812535 0.7283412267591967 36
1757431314818 0.7282525464167158 37
1757431844708 0.7265586326592764 38
1757432348387 0.7281354161119342 39
1757432881105 0.7267269645858317 40
1757433380842 0.7276183087551283 41
1757433910599 0.725160420892835 42
1757434410050 0.7257114793076057 43
1757434938907 0.7257858559648588 44
1757435438527 0.7268933238150215 45
1757435967697 0.7246449989935472 46
1757436467745 0.7264496385130947 47
1757436997031 0.7253285030443922 48
1757437496813 0.7257730260769631 49
1757438025755 0.725012064145648 50
1757438525481 0.7240902424349432 51
1757439054374 0.7228046517755534 52
1757439554315 0.7244813168439738 53
1757440082876 0.7236072917461991 54
1757440604555 0.7242045804273204 55
1757441158188 0.7233863729120145 56
1757441682130 0.723983539936911 57
1757442236639 0.723049600262424 58
1757442738697 0.7252129359975175 59
1757443268260 0.7224166830651149 60
1757443788924 0.722947132936244 61
1757444331014 0.7214051343851363 62
1757444830043 0.7240064029500092 63
1757445357845 0.7229602864311397 64
1757445855454 0.7227666942078723 65
1757446381864 0.7217594911416129 66
1757446894782 0.7230978298145189 67
1757447421493 0.7234291879357009 68
1757447918772 0.721772199307377 69
1757448445666 0.722135734796491 70
1757448943292 0.7224691512566808 71
1757449471258 0.7215099526749537 72
1757449973323 0.7214316455884254 73
1757450524310 0.7213147643075654 74
1757451038338 0.7219138788381161 75
1757451573048 0.7207721785164065 76
1757452072323 0.7217308207656195 77
1757452601822 0.7201687434434461 78
1757453101450 0.7214122514061464 79
1757453631948 0.7208444015662913 80
1757454132051 0.7212468234778607 81
1757454661851 0.7204408720456433 82
1757455162287 0.7220046541617559 83
1757455691883 0.7200853890502573 84
1757456216044 0.7218451954971042 85
1757456769603 0.7200161019160903 86
1757457292368 0.720921351372924 87
1757457846142 0.7189928618193898 88
1757458357925 0.721273359560367 89
1757458886924 0.7204211477007639 90
1757459404207 0.7195232091555086 91
1757459946223 0.7197052849413471 92
1757460470150 0.7198893717852888 93
1757461024636 0.7189773525269292 94
1757461524865 0.7205078421296696 95
1757462053612 0.7195787719845226 96
1757462552285 0.7209372557606561 97
1757463098650 0.719309625915646 98
1757463619503 0.7210320774342555 99
