1777977629396 0.781183337224985 0
1777977723631 0.7725743666201405 1
1777977821938 0.7730084447591872 2
1777977903109 0.7689483110001291 3
1777978006479 0.7686857496462105 4
1777978089442 0.7682314935001866 5
1777978183475 0.7665294889707794 6
1777978275239 0.7631722633811661 7
1777978370771 0.762546145573306 8
1777978463598 0.760361450382093 9
1777978558096 0.758483569003893 10
1777978649318 0.759034417408597 11
1777978738273 0.7543356473901804 12
1777978825043 0.7522468383900122 13
1777978919424 0.7524026250395571 14
1777979010348 0.7515276568266526 15
1777979106718 0.7509339346751258 16
1777979196921 0.7487533073918887 17
1777979291928 0.7490124221709582 18
1777979369948 0.7492554000222916 19
1777979452860 0.7497278055107075 20
1777979532274 0.746645512922321 21
1777979614611 0.7481584821769122 22
1777979693063 0.7480446933700905 23
1777979776084 0.749307644166908 24
1777979854814 0.7511853428557241 25
1777979938125 0.751162094136871 26
1777980016479 0.7512126083918099 27
1777980099658 0.751571571838523 28
1777980177970 0.7508597674746318 29
1777980260553 0.751110618105532 30
1777980338784 0.7501289082036231 31
1777980421371 0.7510146904018187 32
1777980498695 0.7509015214003248 33
1777980580206 0.7514660152821487 34
1777980658053 0.7524406445445322 35
1777980740784 0.7529953254823667 36
1777980818275 0.7505499543626244 37
1777980899928 0.7524940322263591 38
1777980977036 0.7521700739878063 39
1777981059303 0.7515469240390696 40
1777981137034 0.7499653454160641 41
1777981219504 0.7504784416248527 42
1777981297683 0.750018478368875 43
1777981380377 0.7483405625881412 44
1777981457640 0.7490625977428533 45
1777981540337 0.7490626096626136 46
1777981617888 0.748371269330963 47
1777981699630 0.7481697660869169 48
1777981776735 0.7476424216663219 49
1777981859369 0.7493857267978637 50
1777981937821 0.7489329146525558 51
1777982020174 0.74988813318158 52
1777982098387 0.7481040912522163 53
1777982180970 0.748581378596671 54
1777982258213 0.7498004429832203 55
1777982339766 0.7494896725306427 56
1777982416829 0.748091278558548 57
1777982498209 0.7494372765962621 58
1777982575967 0.7473976690266837 59
1777982657887 0.7477407479945065 60
1777982736601 0.7460474860683958 61
1777982820118 0.7479073897018613 62
1777982898782 0.7463438462867507 63
1777982980745 0.7478135834301765 64
1777983058247 0.7463984209690843 65
1777983140721 0.7473081309436809 66
1777983218980 0.746839847376795 67
1777983301753 0.7469826581626778 68
1777983380887 0.7460125830748067 69
1777983464703 0.7475550025391126 70
1777983543760 0.7482422277727928 71
1777983627191 0.7510657268768383 72
1777983706124 0.7490388229828935 73
1777983788535 0.7469293461659107 74
1777983865666 0.7465202772973163 75
1777983947205 0.7484334157814733 76
1777984024434 0.7481788603843371 77
1777984106391 0.7478700944275148 78
1777984183432 0.7456763871468756 79
1777984266356 0.7476468788817631 80
1777984343809 0.7467960403379562 81
1777984425547 0.7474792995248929 82
1777984503003 0.7485861482383258 83
1777984585435 0.7505679937753887 84
1777984663501 0.7491358227807623 85
1777984745956 0.748568829389566 86
1777984824043 0.7469142223347497 87
1777984906503 0.7485527957152897 88
1777984984507 0.7495958020171424 89
1777985066703 0.7487756781835653 90
1777985143519 0.7486854539760999 91
1777985225558 0.7484075193056844 92
1777985302855 0.7504612315211151 93
1777985384991 0.7510134268263913 94
1777985462682 0.7509256787658386 95
1777985545353 0.7520105905324912 96
1777985624011 0.7486627666656803 97
1777985706280 0.7485686665590464 98
1777985784908 0.7478261209904946 99
