1777895934505 0.7839733936806186 0
1777896090393 0.7684931044823246 1
1777896249889 0.7645693731844351 2
1777896408339 0.756691544323419 3
1777896554926 0.7513763706910248 4
1777896692806 0.7466981535430446 5
1777896837813 0.7442935247120634 6
1777896975577 0.7441124085239971 7
1777897120881 0.7425136239706451 8
1777897257844 0.7391921019417418 9
1777897402591 0.7399619678178937 10
1777897539203 0.7390599149831024 11
1777897683937 0.7379372277833939 12
1777897820744 0.7346972378014361 13
1777897965861 0.7357656572646788 14
1777898116784 0.7331286193237394 15
1777898277244 0.7330245945854595 16
1777898430573 0.7323393539161721 17
1777898577361 0.7327810481362435 18
1777898728762 0.7338258366499941 19
1777898887394 0.7316084892745482 20
1777899038409 0.7311254387619811 21
1777899199454 0.7305125039313473 22
1777899350874 0.727740474911827 23
1777899511731 0.7290250178658785 24
1777899656594 0.726510799942499 25
1777899801019 0.7287508652386044 26
1777899938147 0.7281340033389981 27
1777900082970 0.7273117416253637 28
1777900219610 0.7262456831800957 29
1777900365811 0.7258311093408123 30
1777900503784 0.7266215945040368 31
1777900648804 0.726047179414537 32
1777900785772 0.7244710685961072 33
1777900930592 0.7262275931140215 34
1777901067449 0.7262767572435206 35
1777901213288 0.7249194723154965 36
1777901350839 0.7245507115494625 37
1777901496702 0.7255757007643905 38
1777901633981 0.7234707601525086 39
1777901779180 0.7256690596660099 40
1777901915815 0.7242361759897576 41
1777902060509 0.7248902934704402 42
1777902198141 0.7237378995289891 43
1777902343238 0.7243075648242774 44
1777902480809 0.724619292595898 45
1777902625521 0.7255392016975138 46
1777902762870 0.7253171597977033 47
1777902908921 0.7240222284088961 48
1777903045767 0.7240362731065317 49
1777903190117 0.7243492044751602 50
1777903326569 0.7239149255868951 51
1777903470990 0.7246405915772977 52
1777903607626 0.7236283120995426 53
1777903752774 0.7239809749424747 54
1777903890030 0.7228553140536772 55
1777904035086 0.7241557473822479 56
1777904171529 0.7239181378749763 57
1777904316051 0.7245687042536164 58
1777904452961 0.7227294178959762 59
1777904597644 0.7251711541324039 60
1777904734115 0.7232721680280935 61
1777904878762 0.7238380337172028 62
1777905015832 0.7253903491481966 63
1777905160468 0.7255912042296507 64
1777905297058 0.7235611822478579 65
1777905441740 0.7250354592294564 66
1777905578916 0.7242009077785891 67
1777905724349 0.7239249213141479 68
1777905861291 0.724749921577991 69
1777906006241 0.7239956896167019 70
1777906143949 0.7232336287743167 71
1777906289517 0.7238996266954526 72
1777906426721 0.7229187783380235 73
1777906572081 0.7241584843785345 74
1777906709366 0.7248532102136397 75
1777906854584 0.7252024330872328 76
1777906991609 0.72386755716834 77
1777907136905 0.7255113510568346 78
1777907273930 0.7235016000391788 79
1777907418965 0.7254196560857958 80
1777907555986 0.7247922990168215 81
1777907701331 0.7258300251504511 82
1777907837799 0.7240175675721822 83
1777907983026 0.7241222983912418 84
1777908120321 0.7227855177420656 85
1777908265588 0.7237139090516967 86
1777908403218 0.7246878138361144 87
1777908547476 0.725489607520806 88
1777908683608 0.7248581716057624 89
1777908828414 0.7244587249183734 90
1777908965507 0.7236188132874037 91
1777909110734 0.7243902623992781 92
1777909247449 0.7226479588808549 93
1777909392029 0.7246743845717806 94
1777909528431 0.7222573487587912 95
1777909672961 0.7252487734347114 96
1777909810647 0.724510368082983 97
1777909955187 0.7244797711769022 98
1777910091350 0.7235253114171667 99
