1757664820108 0.7810904221176489 0
1757665215741 0.7709181912768117 1
1757665633739 0.7623443980297104 2
1757666020550 0.7620453378099358 3
1757666429906 0.7565242936587668 4
1757666814305 0.7498165991460203 5
1757667205552 0.7493798007999521 6
1757667586544 0.7459695183903027 7
1757667983935 0.7446563375309067 8
1757668340407 0.7443395458132253 9
1757668717722 0.7466214229259006 10
1757669067693 0.7448433381882578 11
1757669441839 0.7432239026166452 12
1757669794836 0.7422904072220124 13
1757670167022 0.7418605447924645 14
1757670522924 0.7443901744770173 15
1757670906551 0.7418560297054444 16
1757671264035 0.7421213133057116 17
1757671642805 0.7417572946817308 18
1757671998129 0.7395997706484644 19
1757672372800 0.7428011328060583 20
1757672727529 0.741677556909405 21
1757673100577 0.7389527636590127 22
1757673456961 0.7380717439767877 23
1757673835085 0.7389043452524175 24
1757674194078 0.7396684490815802 25
1757674566579 0.7414134728413558 26
1757674915337 0.7408605875504085 27
1757675285767 0.7410128501666419 28
1757675638614 0.7409435412302173 29
1757676015044 0.7409169498110394 30
1757676369599 0.7387375768502483 31
1757676748022 0.738575740549866 32
1757677104350 0.7373439398009608 33
1757677473419 0.7378759217285444 34
1757677824566 0.7387109786478006 35
1757678198385 0.7373010727816565 36
1757678551344 0.735750202500913 37
1757678926565 0.7373391377761983 38
1757679278188 0.7372307619650983 39
1757679650597 0.7367950747897436 40
1757680003079 0.7345635447497229 41
1757680373253 0.734529391409142 42
1757680724308 0.7352783917995117 43
1757681091302 0.7350941780391227 44
1757681440496 0.7331523344878186 45
1757681806766 0.7352859086914868 46
1757682162526 0.7333581907891855 47
1757682542857 0.7340256545034122 48
1757682905885 0.7327990641998484 49
1757683288630 0.7337433849833207 50
1757683650996 0.7322337844410007 51
1757684032674 0.734761290940257 52
1757684391279 0.7342965567467792 53
1757684774939 0.7349863372202003 54
1757685135049 0.7353657541722344 55
1757685512831 0.7334963122170396 56
1757685869513 0.7329493258178559 57
1757686245957 0.7330772943950961 58
1757686600850 0.7330297809578955 59
1757686984332 0.7320845330064454 60
1757687339518 0.7317346321311248 61
1757687715839 0.73136890273908 62
1757688071442 0.7306582393794879 63
1757688447865 0.7318675568030619 64
1757688803466 0.7310159689117014 65
1757689177850 0.7309240311520776 66
1757689535731 0.7313216729929054 67
1757689919744 0.7300676520773643 68
1757690282296 0.7310462524532974 69
1757690674572 0.7312041591760301 70
1757691039068 0.732620455205239 71
1757691421507 0.7315719553106875 72
1757691788039 0.7305341378991489 73
1757692179184 0.7314179823342636 74
1757692548068 0.7316701196604065 75
1757692928441 0.7309141483526729 76
1757693281960 0.7315700194043738 77
1757693656886 0.7308601950989914 78
1757694010728 0.731959166973413 79
1757694387771 0.7308549454536327 80
1757694742818 0.7299860673272562 81
1757695121210 0.7310280473410065 82
1757695475843 0.7301637956349749 83
1757695850946 0.7298104834215556 84
1757696205479 0.7308868451112159 85
1757696580705 0.7310358368511117 86
1757696935589 0.728253483614524 87
1757697310909 0.7300262022078029 88
1757697665020 0.7296351563350328 89
1757698039550 0.7303208271805867 90
1757698394175 0.7310065547257132 91
1757698772365 0.7289044205769286 92
1757699115993 0.7303544516213553 93
1757699481418 0.729414262071018 94
1757699826956 0.7297341104571109 95
1757700192564 0.7290400725704914 96
1757700545058 0.7310530482066272 97
1757700908632 0.7299444877079934 98
1757701250436 0.7287844136398937 99
