1757491002129 0.785242556201271 0
1757491419920 0.7778207925185967 1
1757491860936 0.7764517406410119 2
1757492280042 0.7740844376839849 3
1757492719633 0.7719493082473219 4
1757493134556 0.768553591847262 5
1757493575462 0.7687176934978462 6
1757493991953 0.7640121948927611 7
1757494432307 0.7621273957363617 8
1757494847957 0.7604587644956476 9
1757495289564 0.7567721831601555 10
1757495708526 0.7561550493048247 11
1757496151437 0.7515898203124703 12
1757496572175 0.7499247879653166 13
1757497013738 0.7511439775033322 14
1757497428201 0.7500568525070058 15
1757497869379 0.7490815859406446 16
1757498285025 0.7471683354539708 17
1757498726768 0.7469830324278658 18
1757499136596 0.7496049314750466 19
1757499575715 0.7478990344235739 20
1757499993080 0.7473200519827075 21
1757500431497 0.7461029027439028 22
1757500841609 0.7467780303927033 23
1757501286749 0.7470928550246623 24
1757501700540 0.7460802159157243 25
1757502142934 0.7444750404808194 26
1757502562550 0.7453319954532084 27
1757502995072 0.7449344886109127 28
1757503407368 0.7438779228523432 29
1757503845883 0.7441949819859622 30
1757504262108 0.7413498986172266 31
1757504697509 0.7425443818545676 32
1757505106311 0.7447666110159492 33
1757505541924 0.7442584661556075 34
1757505950472 0.7426239467161471 35
1757506386856 0.7416773527103271 36
1757506797491 0.7427271978414474 37
1757507231750 0.7425507527724717 38
1757507642211 0.7411469740826249 39
1757508076642 0.7399779859971146 40
1757508484314 0.7411471326076674 41
1757508916387 0.7401583662564151 42
1757509321877 0.7400675151579836 43
1757509754685 0.739692946570298 44
1757510167106 0.7394607229419288 45
1757510601611 0.7386607130506505 46
1757511013081 0.7377740562426625 47
1757511447666 0.7397378500493562 48
1757511859251 0.7371471678749671 49
1757512290384 0.7384621985437737 50
1757512699034 0.7377806212547648 51
1757513133475 0.7382019193548905 52
1757513544070 0.7389275336717791 53
1757513982839 0.7387491590263876 54
1757514396409 0.7385850242964749 55
1757514831369 0.7384508539116924 56
1757515246574 0.7365517892516408 57
1757515689524 0.7373788598146295 58
1757516105732 0.7373106618818684 59
1757516543036 0.7372371838202395 60
1757516956738 0.73601980479986 61
1757517395056 0.7370327264960318 62
1757517808415 0.7355746659193472 63
1757518246589 0.736909560404988 64
1757518662403 0.7357939294008206 65
1757519101847 0.7364344799490442 66
1757519514803 0.735529654272478 67
1757519952076 0.7353769382359733 68
1757520366360 0.734685752272974 69
1757520805356 0.7347288247595692 70
1757521220735 0.7338962003845027 71
1757521656536 0.7336213992314444 72
1757522063573 0.7347690244752367 73
1757522495255 0.7348482317766238 74
1757522904664 0.7345154181313399 75
1757523336525 0.7348622063301848 76
1757523740827 0.7348466066030382 77
1757524174184 0.735440864147138 78
1757524584470 0.7352310229602798 79
1757525016851 0.7356627947952065 80
1757525423891 0.73494444684305 81
1757525843361 0.7337231062597872 82
1757526237434 0.7329448590715428 83
1757526654794 0.7337144761098092 84
1757527048424 0.7319098231266955 85
1757527463267 0.7326489814601496 86
1757527855244 0.7332843194514789 87
1757528270086 0.7328710836795382 88
1757528661429 0.733912124754383 89
1757529075826 0.7348149649518477 90
1757529468989 0.7318105229278327 91
1757529883849 0.7325832422963945 92
1757530275490 0.732612941146265 93
1757530689406 0.7330157927317249 94
1757531080481 0.7349729778450774 95
1757531494986 0.7335985533612716 96
1757531886473 0.7327527507686068 97
1757532300543 0.7333289193305815 98
1757532691988 0.7326642075560931 99
