1757491033215 0.7836656032742899 0
1757491372669 0.7711075261276866 1
1757491732228 0.7733375999335199 2
1757492069633 0.7760900459715837 3
1757492426862 0.7765855030324157 4
1757492768085 0.7752248943246405 5
1757493126884 0.7781279024490465 6
1757493460519 0.7749116027062473 7
1757493818946 0.77494644877017 8
1757494158013 0.7755506612539046 9
1757494513343 0.7739624895001266 10
1757494851230 0.7751045415654215 11
1757495208702 0.7753897658190352 12
1757495545627 0.7735875929967215 13
1757495904819 0.7691192294537831 14
1757496247208 0.7694786621742153 15
1757496606375 0.7672606245575142 16
1757496944770 0.7677034086522732 17
1757497299462 0.7636233529619435 18
1757497635794 0.766235594433242 19
1757497991555 0.7668846898104743 20
1757498325503 0.7659073342927816 21
1757498685010 0.7654959731359579 22
1757499024007 0.7640903028665684 23
1757499383814 0.7638434355266557 24
1757499724857 0.7636217186861469 25
1757500079724 0.7605050744786559 26
1757500420123 0.7608866251280967 27
1757500780886 0.759678379162668 28
1757501119689 0.7603973544462518 29
1757501479388 0.7615500355972017 30
1757501820091 0.7629516835318578 31
1757502178831 0.7602886326560344 32
1757502519251 0.7623582597235304 33
1757502880212 0.7577071920929146 34
1757503219419 0.7566077823832428 35
1757503575925 0.754613270976116 36
1757503912737 0.759004307746747 37
1757504269069 0.7602971000417109 38
1757504606906 0.7622490387736935 39
1757504963695 0.7604845563763795 40
1757505300272 0.757803643911906 41
1757505656827 0.7618944896225995 42
1757505989954 0.7575802016373926 43
1757506342855 0.7595788758755591 44
1757506674649 0.7603469571547024 45
1757507024025 0.7578432773520691 46
1757507358079 0.758629273113267 47
1757507711671 0.7541894384298602 48
1757508046658 0.7585388193269317 49
1757508400291 0.757413230030392 50
1757508734201 0.7565804949719631 51
1757509088613 0.7589610055691168 52
1757509420000 0.7582875412889236 53
1757509777133 0.7579416642005602 54
1757510112173 0.7557177435666423 55
1757510461537 0.7551633629297617 56
1757510793190 0.758731502274383 57
1757511145046 0.7544514086987804 58
1757511477651 0.7575554316963383 59
1757511829936 0.7555048881247878 60
1757512163075 0.7548539944561663 61
1757512520739 0.7550658835352932 62
1757512855445 0.7542132316065473 63
1757513209195 0.7549925409345358 64
1757513537385 0.7549689627626226 65
1757513881359 0.7516779599628785 66
1757514206657 0.7551521667398577 67
1757514552264 0.7540464260862563 68
1757514880786 0.7535883713918404 69
1757515242732 0.7530680884753411 70
1757515583927 0.7529318310586587 71
1757515947686 0.752635016571795 72
1757516288386 0.7541093906923666 73
1757516648503 0.7531826424277536 74
1757516988383 0.7518601786334836 75
1757517348013 0.753184183192508 76
1757517688242 0.7539043476293761 77
1757518047767 0.75342632137956 78
1757518388115 0.754549411478647 79
1757518748218 0.7540759210569331 80
1757519089284 0.7526285630467183 81
1757519450001 0.7557326574951986 82
1757519790343 0.7526491864466208 83
1757520149482 0.753563438980236 84
1757520489355 0.7528990192494661 85
1757520850135 0.7539457935142014 86
1757521189703 0.7550401840467976 87
1757521548303 0.7529919668297489 88
1757521880207 0.7528165319600082 89
1757522234718 0.7522867900301161 90
1757522558943 0.7544551414525644 91
1757522905233 0.753760052561644 92
1757523232493 0.7535419707402747 93
1757523578195 0.7543624087416981 94
1757523907099 0.7541589391282368 95
1757524258310 0.7522885814307051 96
1757524587316 0.7534271494603616 97
1757524937626 0.7536411564841136 98
1757525264014 0.7547634141162255 99
