1757866287790 0.8002412218862798 0
1757866605634 0.785490285612313 1
1757866942010 0.7862672362786468 2
1757867263409 0.7744064537186321 3
1757867601125 0.7709876180870502 4
1757867920798 0.7760011190317112 5
1757868257250 0.7748017612388938 6
1757868574738 0.77005550143053 7
1757868912924 0.7665660175047488 8
1757869231804 0.7680429949547996 9
1757869569022 0.7607549137745346 10
1757869887679 0.7669729711798741 11
1757870225416 0.7685169541923524 12
1757870544128 0.7766207463775308 13
1757870882111 0.7762331896367263 14
1757871201351 0.7746240087614885 15
1757871537428 0.7703470233545885 16
1757871852217 0.7719596680639912 17
1757872185421 0.764835570954793 18
1757872497337 0.7640028725545418 19
1757872830035 0.759242674026733 20
1757873144769 0.7622484647601935 21
1757873476660 0.7622454444859826 22
1757873790041 0.7585561628500129 23
1757874121636 0.7573697243510245 24
1757874434573 0.7598231694502369 25
1757874766030 0.7551263623925617 26
1757875077417 0.7616380281508661 27
1757875409010 0.7545132944938491 28
1757875720669 0.7548086951364754 29
1757876052018 0.7539012247018558 30
1757876364887 0.7558352374062961 31
1757876695229 0.7556478540494431 32
1757877007259 0.7578485273925755 33
1757877338715 0.7518115529681623 34
1757877651568 0.7554357031867217 35
1757877982797 0.7503401189194076 36
1757878295719 0.7516767595501757 37
1757878626379 0.7498175361192553 38
1757878939003 0.7519820003259919 39
1757879270064 0.7516428176404172 40
1757879582212 0.7540509865890792 41
1757879914799 0.7504785547255145 42
1757880227987 0.7529591261122336 43
1757880560138 0.7487126624413686 44
1757880873621 0.7514066056738249 45
1757881203905 0.7522379486879662 46
1757881517035 0.7538220715196742 47
1757881848256 0.7498569828224685 48
1757882161029 0.7512973781333848 49
1757882493386 0.749120628183177 50
1757882805935 0.7526494943119291 51
1757883137535 0.7502071163816894 52
1757883451421 0.7496411703278293 53
1757883783417 0.7489707668263653 54
1757884103131 0.7498149043092867 55
1757884443496 0.7492940136168238 56
1757884764808 0.7501441191757554 57
1757885094324 0.7479133592713394 58
1757885400052 0.7497774942922796 59
1757885722467 0.7472408710130634 60
1757886022418 0.7510242366103667 61
1757886347827 0.7519992184860808 62
1757886651849 0.7496910787228187 63
1757886960767 0.7483449512646441 64
1757887256379 0.748812515759114 65
1757887566596 0.7472184973447757 66
1757887859222 0.7492490736741632 67
1757888167540 0.749620228306384 68
1757888462529 0.7497058632688967 69
1757888780319 0.7471462378748885 70
1757889075059 0.7486294719896287 71
1757889390062 0.7467760965569519 72
1757889684990 0.7479531630016989 73
1757889996108 0.7443193223903186 74
1757890288509 0.7482824663505223 75
1757890601235 0.7464061107193161 76
1757890896578 0.7476599131274129 77
1757891209827 0.7440273792540724 78
1757891501768 0.7475982107076377 79
1757891816916 0.7443867736914939 80
1757892115042 0.7480667648096678 81
1757892426511 0.7476373404831443 82
1757892729526 0.7524464093592391 83
1757893043155 0.7473084828271218 84
1757893334086 0.7473832776030799 85
1757893642843 0.7460809212197133 86
1757893941288 0.7485301741044883 87
1757894258319 0.7478071229852846 88
1757894552106 0.7494017650512821 89
1757894859074 0.7457591538097507 90
1757895152429 0.7501468962736821 91
1757895469433 0.7470008247909472 92
1757895773889 0.7483090262713809 93
1757896081995 0.7440483420114685 94
1757896389482 0.7445065212011373 95
1757896719296 0.7440558855210124 96
1757897008658 0.7490486826656181 97
1757897311777 0.7465481742887493 98
1757897599651 0.7491898334056135 99
