1775558668814 0.787849573472559 0
1775558836529 0.773267838450464 1
1775559013994 0.7675791033736998 2
1775559181118 0.7579304878544482 3
1775559358127 0.7529659829459543 4
1775559525795 0.7487036575729085 5
1775559702787 0.7467654883373183 6
1775559869971 0.7418185128059269 7
1775560047018 0.741302023462381 8
1775560213748 0.7423420830905972 9
1775560390439 0.7389886652391962 10
1775560557609 0.7391397026492785 11
1775560733904 0.7376362795035817 12
1775560901015 0.7373598715326853 13
1775561078003 0.7357755738353584 14
1775561244819 0.7343395858840931 15
1775561421247 0.7328355345125415 16
1775561587710 0.7327927991303078 17
1775561763719 0.7315540156121421 18
1775561929930 0.7306479776699637 19
1775562105905 0.7298853020256815 20
1775562272145 0.729957416642678 21
1775562448312 0.7285510900699005 22
1775562614878 0.7271991430915571 23
1775562791158 0.7281223303608523 24
1775562957269 0.728133941779959 25
1775563133184 0.7261902577114542 26
1775563299866 0.7271524614979985 27
1775563476588 0.7268235709597346 28
1775563643630 0.725978963358615 29
1775563820703 0.7267287018861627 30
1775563987590 0.7256801653181765 31
1775564164443 0.7260376318778086 32
1775564331248 0.7265292664623106 33
1775564507831 0.7257232178649775 34
1775564674739 0.726045220586381 35
1775564851565 0.7264837865746033 36
1775565018711 0.7256572339450975 37
1775565195557 0.7257119311075908 38
1775565362382 0.7254389798776172 39
1775565538980 0.7246522565729634 40
1775565705778 0.72587670818565 41
1775565882127 0.7251750870953498 42
1775566049031 0.7265379082155725 43
1775566225959 0.726122591532265 44
1775566393372 0.7254276209728733 45
1775566570670 0.7245870051723672 46
1775566738080 0.7260096729757014 47
1775566915353 0.7241944941592339 48
1775567082603 0.7245188304175876 49
1775567259825 0.7246988413979851 50
1775567427300 0.724379314637994 51
1775567604378 0.7233192415108963 52
1775567771397 0.7249676131304704 53
1775567948194 0.7243147279765603 54
1775568115451 0.7251221271599588 55
1775568292443 0.7248622143770188 56
1775568458916 0.7250068795241041 57
1775568635006 0.7248206825955612 58
1775568801821 0.7246620034912091 59
1775568978478 0.7244864623259545 60
1775569145315 0.7249023517148142 61
1775569321713 0.724617652935446 62
1775569488229 0.7261822913923854 63
1775569664677 0.7250135149861058 64
1775569831148 0.7251027326972287 65
1775570007644 0.7235528527159043 66
1775570174903 0.7227220872520892 67
1775570352801 0.7241702073151131 68
1775570519686 0.7243958459042781 69
1775570696485 0.7233325437512138 70
1775570863273 0.7230007883696464 71
1775571039902 0.7237670505366347 72
1775571206459 0.723576043847904 73
1775571384086 0.7238137628316648 74
1775571551165 0.7230121328311534 75
1775571727173 0.7225884595954937 76
1775571893739 0.7237775845661565 77
1775572069879 0.7233286109207041 78
1775572236399 0.7224217240134857 79
1775572414021 0.7217380169811654 80
1775572581918 0.7230413850835624 81
1775572759995 0.7232327444688129 82
1775572927620 0.723498506592295 83
1775573104816 0.7225850887587295 84
1775573271516 0.7234335863455273 85
1775573448463 0.7224689972862537 86
1775573616868 0.724190762876991 87
1775573794786 0.7237833694126388 88
1775573961288 0.7226788808696148 89
1775574137402 0.7228610008032086 90
1775574303862 0.7228920852028435 91
1775574480826 0.7223892300646432 92
1775574648087 0.7228270493400674 93
1775574825831 0.72346288140425 94
1775574992478 0.7220331107741015 95
1775575168696 0.7239919739156245 96
1775575335478 0.72306869997906 97
1775575511892 0.7230049564910919 98
1775575678675 0.7225709733428753 99
