1757491061988 0.8071514991667019 0
1757491367537 0.7891981875505575 1
1757491690999 0.7891328619877641 2
1757491993116 0.7868912649442126 3
1757492310926 0.791224959624706 4
1757492609818 0.7971334906119386 5
1757492925137 0.7914284901591808 6
1757493218363 0.7945653450276953 7
1757493535124 0.7862945249917986 8
1757493833301 0.787489012608965 9
1757494147289 0.7817898034354147 10
1757494444033 0.7793688870864551 11
1757494762343 0.7934384547973768 12
1757495058831 0.7924176438242841 13
1757495375608 0.7925362944553302 14
1757495671611 0.7888714301377565 15
1757495984433 0.7891483957809535 16
1757496282506 0.7821372548476192 17
1757496594227 0.778524563885649 18
1757496891815 0.778118304199479 19
1757497205685 0.7799798317575368 20
1757497505888 0.7761305407414874 21
1757497822980 0.779411710578358 22
1757498121992 0.7802677300375641 23
1757498438193 0.7822094874785288 24
1757498735452 0.7796584493078706 25
1757499064841 0.7799810015680128 26
1757499363442 0.7841860803851765 27
1757499676690 0.7818514698496329 28
1757499978600 0.7797079647206118 29
1757500295274 0.7786396253342397 30
1757500594480 0.7766213576209281 31
1757500910931 0.7762897012962465 32
1757501204856 0.7794136150569324 33
1757501521565 0.7778071863190066 34
1757501825340 0.7794824921897257 35
1757502140913 0.7790550855841343 36
1757502438561 0.7774109291409836 37
1757502765157 0.7791580300979392 38
1757503072637 0.7785649319253166 39
1757503396785 0.7777459963446375 40
1757503703178 0.7740438139766407 41
1757504018128 0.7767598377037604 42
1757504316461 0.7761522891012785 43
1757504635570 0.7804857660475547 44
1757504939216 0.7817265163220267 45
1757505259280 0.7889791018365904 46
1757505553489 0.784455087286219 47
1757505864237 0.7804517260592375 48
1757506156470 0.7778126862167944 49
1757506469211 0.7773792412260839 50
1757506765835 0.7769519476798716 51
1757507077045 0.7768986110901803 52
1757507366979 0.7764440344249723 53
1757507670592 0.7714241324092196 54
1757507956656 0.77130359811759 55
1757508259520 0.7714057460690088 56
1757508546150 0.7735911280841375 57
1757508850582 0.7774882070919885 58
1757509142794 0.7722279933283844 59
1757509449006 0.7717842630604342 60
1757509734844 0.7719433990195821 61
1757510038652 0.7732224596190694 62
1757510328706 0.7732246908926295 63
1757510641379 0.7768173238963257 64
1757510934948 0.7738347792516752 65
1757511239649 0.7779569217950466 66
1757511529551 0.7769226377947404 67
1757511842142 0.7763898923916546 68
1757512140474 0.7755675599813777 69
1757512455531 0.774953419161313 70
1757512748381 0.7775029379591278 71
1757513059279 0.7799202067837784 72
1757513356366 0.7804792137325485 73
1757513670874 0.7795692270223572 74
1757513972766 0.7760234557781267 75
1757514287527 0.7785852210022743 76
1757514587814 0.7769869095682134 77
1757514905064 0.778324313071714 78
1757515213298 0.7804442479880027 79
1757515534513 0.778071927620361 80
1757515842381 0.7765153392836059 81
1757516164602 0.7775608842661936 82
1757516469306 0.7744842344759983 83
1757516793028 0.7775381487817371 84
1757517095111 0.7762124219057823 85
1757517415647 0.7774759048124996 86
1757517718329 0.7798492827497499 87
1757518041158 0.7830510091788238 88
1757518344435 0.7799192378668554 89
1757518669616 0.7825308267216999 90
1757518971860 0.7779926671786898 91
1757519294367 0.7806330361543075 92
1757519599012 0.7788029090041115 93
1757519920801 0.7802656034912736 94
1757520225141 0.7765100567047428 95
1757520547788 0.7805310103516168 96
1757520850083 0.7787495344425892 97
1757521172547 0.7809432357769015 98
1757521478222 0.7786178777470621 99
