1777967944837 0.7770351285554356 0
1777968051338 0.7668082333017738 1
1777968163443 0.764477562464007 2
1777968264655 0.762378081313443 3
1777968377154 0.7584394292191753 4
1777968477781 0.7566115006754073 5
1777968585635 0.7524482665202995 6
1777968684907 0.7504110557860162 7
1777968792307 0.748325668595066 8
1777968890510 0.7452586463156421 9
1777968997534 0.7434419984371194 10
1777969093867 0.7425775594561262 11
1777969201852 0.7422549120337909 12
1777969299543 0.7417139042266904 13
1777969406434 0.7416730302520104 14
1777969506229 0.7424588266531696 15
1777969611677 0.740762799833404 16
1777969699090 0.7415706223380021 17
1777969792990 0.740267314442064 18
1777969881812 0.7407688796564054 19
1777969975762 0.7396338045257708 20
1777970064108 0.7392160631316389 21
1777970158000 0.7392487442505027 22
1777970246405 0.7397992308394661 23
1777970339945 0.7394274601156953 24
1777970427886 0.739285486232812 25
1777970520903 0.7393736670438059 26
1777970609729 0.7379542157117487 27
1777970703473 0.7387411664251056 28
1777970791296 0.7371224347431332 29
1777970884980 0.7373904730276737 30
1777970973671 0.7365468545724952 31
1777971066832 0.737288481393567 32
1777971154396 0.7363334196382648 33
1777971248088 0.7365430645306331 34
1777971335716 0.7341585834488029 35
1777971428508 0.7343857450264061 36
1777971516438 0.7326732247634032 37
1777971609738 0.7349555213291469 38
1777971697848 0.73375667261562 39
1777971791120 0.7336579790182899 40
1777971879571 0.7335137818915198 41
1777971973083 0.7340180315320449 42
1777972061385 0.7338065710545918 43
1777972178425 0.733864576580491 44
1777972267416 0.7319984985719514 45
1777972361305 0.7348115788186826 46
1777972449363 0.7324724546549444 47
1777972542318 0.7320990859096439 48
1777972630682 0.7326305273297499 49
1777972724120 0.7313521601991212 50
1777972812733 0.7307477230851115 51
1777972906422 0.7308840970830145 52
1777972994089 0.7325198754477616 53
1777973087231 0.7320393709453704 54
1777973175007 0.7306798739462035 55
1777973268112 0.7306097555352555 56
1777973356331 0.7298808515711648 57
1777973450485 0.7313353680617412 58
1777973538049 0.731551812722602 59
1777973630764 0.7305479646308474 60
1777973718775 0.7313021932028967 61
1777973812021 0.7313484299962612 62
1777973899590 0.7305442799962351 63
1777973992117 0.730854733886528 64
1777974079908 0.7321293721074936 65
1777974172857 0.7319996450662845 66
1777974260666 0.7321243327499365 67
1777974354034 0.7313546708616477 68
1777974442896 0.7312043742771763 69
1777974537258 0.7320182275447625 70
1777974625299 0.7319351713581307 71
1777974718285 0.7331453318596548 72
1777974806467 0.7319621600888789 73
1777974900278 0.7324910751234706 74
1777974989098 0.7319508996926201 75
1777975083019 0.731433549236546 76
1777975171610 0.7316948390501314 77
1777975265123 0.7324816514147502 78
1777975354062 0.731769638891659 79
1777975447822 0.7316052908037226 80
1777975536323 0.7336548032733977 81
1777975629663 0.7313097335450964 82
1777975717536 0.7312751645779648 83
1777975811291 0.7318308546450085 84
1777975899582 0.7315271434635296 85
1777975992693 0.733038259767655 86
1777976080972 0.73095410537271 87
1777976173814 0.7318998424067561 88
1777976261137 0.7327258941303753 89
1777976354058 0.732374890150916 90
1777976443062 0.7323066070314331 91
1777976536193 0.7320416081267882 92
1777976624668 0.731587408781227 93
1777976899580 0.7326988340864379 94
1777976988197 0.7312656128306614 95
1777977081647 0.7320501048471212 96
1777977169854 0.7310440624098518 97
1777977262732 0.7322778836205145 98
1777977351431 0.7319657778392871 99
