1778056908788 0.7857782268934723 0
1778056998772 0.7783659182827432 1
1778057092713 0.7745069856197366 2
1778057183546 0.77460299294024 3
1778057273692 0.770696517444786 4
1778057360636 0.7721470715175427 5
1778057452660 0.7690810759917446 6
1778057541053 0.768610460480212 7
1778057628383 0.7683397492275125 8
1778057704273 0.7734185124018529 9
1778057795536 0.7698321570921004 10
1778057882035 0.7690277631064405 11
1778057974940 0.769401547180714 12
1778058060174 0.7676984045614549 13
1778058150167 0.7659683689742002 14
1778058236510 0.766141614183365 15
1778058321173 0.768650531503926 16
1778058403333 0.7686766060182862 17
1778058493282 0.769349499752647 18
1778058566719 0.7684552657255407 19
1778058644701 0.7698805435153118 20
1778058717376 0.771296841837767 21
1778058795285 0.7725123271828244 22
1778058869056 0.7715791558679492 23
1778058946446 0.7711560262307378 24
1778059020086 0.7720324325309117 25
1778059098017 0.7699750981187178 26
1778059171246 0.7699462555906489 27
1778059249743 0.7687607761092227 28
1778059323550 0.7709366534496297 29
1778059402929 0.7705461288587764 30
1778059476780 0.7709294295875382 31
1778059554009 0.7693347540220905 32
1778059626998 0.7693142510918796 33
1778059703923 0.7671429499406448 34
1778059776656 0.7692432307509917 35
1778059855397 0.7666471519332481 36
1778059929650 0.7686443759350019 37
1778060009006 0.7691235857495929 38
1778060090024 0.7732570871432517 39
1778060167085 0.7693848389417757 40
1778060239762 0.7714616193997126 41
1778060316549 0.7716914690661606 42
1778060390214 0.7747221556047783 43
1778060467700 0.7740384979788387 44
1778060546713 0.777153124162124 45
1778060630143 0.7753799351995612 46
1778060704268 0.7717350068083232 47
1778060782691 0.7726731090442354 48
1778060856895 0.7732227871197495 49
1778060935096 0.7715136670119365 50
1778061011579 0.7693898460826809 51
1778061089985 0.7688171906266639 52
1778061167279 0.7705887006566974 53
1778061244778 0.771445432548274 54
1778061318193 0.7716184293429758 55
1778061396167 0.7718308854973858 56
1778061471776 0.7715020868957367 57
1778061552213 0.7695823309074225 58
1778061625648 0.7684757856389491 59
1778061704131 0.7708032303031261 60
1778061778805 0.7704816051764166 61
1778061857210 0.766885306632878 62
1778061930863 0.7674850930958667 63
1778062008080 0.765540336142181 64
1778062082233 0.7679563169531254 65
1778062160595 0.7660712255502539 66
1778062235711 0.7668477227943397 67
1778062314596 0.7680886853587179 68
1778062393120 0.7682245007999994 69
1778062471810 0.7673690118751266 70
1778062546382 0.7680290472751119 71
1778062625289 0.7681017318644006 72
1778062699397 0.769013011162815 73
1778062776760 0.7659876406515593 74
1778062853861 0.7674138066768997 75
1778062939940 0.7680681950018615 76
1778063026686 0.7687310863989028 77
1778063116223 0.7683570277374696 78
1778063197779 0.7704902939052551 79
1778063277572 0.7686161785022432 80
1778063352767 0.7687862965836628 81
1778063430542 0.7660620242022025 82
1778063503985 0.7659631895153088 83
1778063582776 0.7665417727091762 84
1778063657136 0.7687192714805026 85
1778063737574 0.7682602935624675 86
1778063812219 0.7687739270028955 87
1778063889966 0.7664664306502891 88
1778063964212 0.7678852337210551 89
1778064042569 0.7681284316992233 90
1778064116777 0.769203755280986 91
1778064194939 0.768083592915333 92
1778064268214 0.7687921743500918 93
1778064345608 0.7685563442127984 94
1778064418551 0.7689641951953746 95
1778064496739 0.766435810235321 96
1778064569592 0.7689742352783355 97
1778064648403 0.7697567550395367 98
1778064725504 0.769211589545121 99
