1777885022679 0.7764971629395582 0
1777885110736 0.7723576132470484 1
1777885214286 0.7749098466015776 2
1777885312601 0.7736638800008667 3
1777885414845 0.7766059000878479 4
1777885512425 0.7767141322811953 5
1777885615681 0.772339876551311 6
1777885713110 0.7701571988561647 7
1777885810946 0.7744131246518301 8
1777885908690 0.7729789316435103 9
1777886008696 0.7713577018613833 10
1777886106069 0.7712038387499948 11
1777886208187 0.77178264197302 12
1777886304999 0.7692621899534544 13
1777886392469 0.7707618828730987 14
1777886474223 0.7740812515479785 15
1777886560618 0.7730791284348995 16
1777886642818 0.7721455082124234 17
1777886730982 0.773696476213635 18
1777886813742 0.7732152544808834 19
1777886901004 0.7767304117986518 20
1777886983116 0.7766507674869133 21
1777887069859 0.7770166495097642 22
1777887151134 0.7741082241527825 23
1777887246993 0.7748590981094494 24
1777887343959 0.7717628368926809 25
1777887444062 0.7727520368841188 26
1777887533682 0.7739615336601707 27
1777887621032 0.7732429046164684 28
1777887704603 0.7732629973719075 29
1777887808695 0.7753587641197515 30
1777887906021 0.7757214134781698 31
1777888009079 0.7771070640859563 32
1777888109363 0.7761561265150916 33
1777888202294 0.7769549121096505 34
1777888284207 0.7756581048442412 35
1777888371706 0.7775828608240192 36
1777888466680 0.7762565413672614 37
1777888570441 0.7760606265667329 38
1777888663458 0.7783905836856114 39
1777888766174 0.7760602691209643 40
1777888863308 0.7733337094969231 41
1777888961694 0.773891928791586 42
1777889057628 0.7746892551028927 43
1777889144312 0.7776900190658792 44
1777889228101 0.7760096395599405 45
1777889327649 0.7769183147749856 46
1777889425467 0.7736716106382824 47
1777889528795 0.774684223826106 48
1777889626943 0.7716802919705008 49
1777889733869 0.7737112980288874 50
1777889832892 0.7701172583279514 51
1777889943359 0.7735867002344416 52
1777890067225 0.7731817252074001 53
1777890268567 0.77203343951227 54
1777890399166 0.7708196841939515 55
1777890531860 0.7693022773127112 56
1777890675466 0.7695115858133251 57
1777890810446 0.7729241184154627 58
1777890941377 0.7717476437993127 59
1777891069031 0.7702759866035079 60
1777891206798 0.7692223466716958 61
1777891347983 0.7685863652207457 62
1777891478152 0.7703768890441437 63
1777891624810 0.768873041561123 64
1777891728728 0.7665393392823405 65
1777891822355 0.7675879564140923 66
1777891910928 0.7677778741258537 67
1777892003484 0.7676937142737523 68
1777892089599 0.7664330433684401 69
1777892188554 0.7687398118950264 70
1777892275887 0.7670625713428598 71
1777892368252 0.7693612722204288 72
1777892452022 0.7663342777095705 73
1777892541490 0.7704293054104712 74
1777892625153 0.7677290887977074 75
1777892713244 0.7663117025216707 76
1777892796794 0.7704899782574259 77
1777892886547 0.7711264724583117 78
1777892970082 0.7688298280090816 79
1777893058299 0.7708774644655414 80
1777893140230 0.7711321320748998 81
1777893227690 0.7701696876750491 82
1777893309535 0.7689594410566911 83
1777893396884 0.7687530589755948 84
1777893479540 0.7686163573874356 85
1777893566799 0.7697288810900559 86
1777893648908 0.7699589341585293 87
1777893735775 0.773006911212215 88
1777893817457 0.7723014759607235 89
1777893903697 0.7717971501789429 90
1777893985536 0.7700191130271432 91
1777894072943 0.7713675205615838 92
1777894154943 0.7678019554890915 93
1777894241658 0.7693606624171528 94
1777894324625 0.7708902305723061 95
1777894412353 0.7704978283867705 96
1777894494404 0.7700656496274297 97
1777894581201 0.770461094179115 98
1777894663939 0.7714197917854658 99
