1757866587445 0.7910839084651202 0
1757866881386 0.7811992740897532 1
1757867193989 0.7838899856506992 2
1757867490246 0.782854476267407 3
1757867805927 0.7833987137887597 4
1757868112948 0.7753678801269711 5
1757868437998 0.7770446856938009 6
1757868744674 0.7749327203312826 7
1757869066618 0.7814086883734571 8
1757869370840 0.7754762860856115 9
1757869691769 0.7759107064081718 10
1757869997655 0.7729080354022797 11
1757870321117 0.774738657558946 12
1757870627810 0.7687094094840555 13
1757870950220 0.778833254263345 14
1757871253987 0.7789084746931918 15
1757871577332 0.780182941475439 16
1757871883460 0.7804759329442609 17
1757872207056 0.7779204155103877 18
1757872512378 0.7766309988321652 19
1757872828674 0.78178307295276 20
1757873128646 0.7805004087621159 21
1757873444106 0.7782137096962851 22
1757873743907 0.7729017599560446 23
1757874061059 0.7731286235492009 24
1757874361586 0.7748432652316818 25
1757874677683 0.7755547994839584 26
1757874976438 0.7745162620034013 27
1757875294284 0.7756067749990753 28
1757875594176 0.7773077188914461 29
1757875910228 0.7767870137797778 30
1757876207912 0.7771473204348126 31
1757876524140 0.776145969690705 32
1757876821707 0.7745294671184156 33
1757877137553 0.7801145847067869 34
1757877433711 0.7751962678289785 35
1757877749019 0.7755334596139923 36
1757878045766 0.7745521166380355 37
1757878360437 0.7758918620367676 38
1757878656217 0.7781621870302554 39
1757878971564 0.7792529778387162 40
1757879268484 0.7757018721992348 41
1757879582889 0.7775513228898644 42
1757879880853 0.7748062510014352 43
1757880196992 0.7750995274037723 44
1757880495448 0.7757194404338427 45
1757880810835 0.7750660817236755 46
1757881108457 0.7740477156838921 47
1757881425546 0.7770549036234455 48
1757881724491 0.7747796856818909 49
1757882038894 0.7779845127942181 50
1757882334539 0.7764644843658057 51
1757882650954 0.7781795685927978 52
1757882950463 0.7771008165772041 53
1757883264586 0.7754725873544802 54
1757883561358 0.7752440599391889 55
1757883877943 0.7747350716455134 56
1757884176439 0.77432733478835 57
1757884490931 0.7766604611582598 58
1757884787296 0.7748534102033927 59
1757885088575 0.7744219794138953 60
1757885364019 0.7709868943896334 61
1757885654828 0.7761884077342579 62
1757885930010 0.7702572550112456 63
