1757578498590 0.783733807741114 0
1757578953938 0.7681247202583383 1
1757579434023 0.7636839959078772 2
1757579869785 0.7583637716419258 3
1757580351006 0.7557966085030559 4
1757580783968 0.750943027196816 5
1757581237731 0.7492715367806022 6
1757581667307 0.7481480784809531 7
1757582122575 0.7473306755211068 8
1757582549831 0.741901284402792 9
1757583000038 0.7397471325809037 10
1757583428654 0.738874157287324 11
1757583882412 0.7415206884943831 12
1757584307638 0.7388997435517178 13
1757584757175 0.7387412692619486 14
1757585182165 0.7373872124400319 15
1757585633342 0.7375601319004605 16
1757586058313 0.7378631114889604 17
1757586507436 0.7375696391765317 18
1757586931642 0.7353798603769647 19
1757587382414 0.7373133846627823 20
1757587811639 0.7355479451597237 21
1757588262899 0.7353502828335533 22
1757588689771 0.7334397199872206 23
1757589145089 0.7331793860186638 24
1757589572845 0.7319354119151502 25
1757590022152 0.7314673760685221 26
1757590449355 0.7305903697676421 27
1757590899129 0.7316846164162499 28
1757591321916 0.7302914833850745 29
1757591770765 0.7311814542843755 30
1757592196369 0.730268772516754 31
1757592648577 0.7297031617532123 32
1757593075650 0.7286858531310793 33
1757593526314 0.7293306488309399 34
1757593950975 0.7283023513252114 35
1757594400740 0.7279466961576051 36
1757594822365 0.7281471342746694 37
1757595267668 0.7271470887812289 38
1757595688572 0.7259649712975245 39
1757596134488 0.7266784304960654 40
1757596553541 0.7265089611641854 41
1757596998289 0.7259152951695459 42
1757597418109 0.7241217502862667 43
1757597861815 0.7255489978835311 44
1757598283591 0.7271948800229304 45
1757598726844 0.7255982698425454 46
1757599145361 0.7251881881419955 47
1757599588165 0.724891435866587 48
1757600006532 0.7221147083321173 49
1757600450028 0.7259006680357607 50
1757600868710 0.7238824006792833 51
1757601312776 0.7240986016173774 52
1757601732818 0.7232477295102485 53
1757602176515 0.7234689064645681 54
1757602595301 0.722204449632171 55
1757603033835 0.7233078609885581 56
1757603453430 0.7231214921135461 57
1757603900368 0.723476452490403 58
1757604322658 0.7209690857802993 59
1757604772591 0.7224173550472676 60
1757605197838 0.7225920874622705 61
1757605646869 0.7229859128691657 62
1757606069087 0.7210178570157727 63
1757606518321 0.7218303439385725 64
1757606940012 0.7220634801337656 65
1757607382429 0.7213359879646147 66
1757607801635 0.7211834984375368 67
1757608243952 0.721484324184164 68
1757608661250 0.7216963043039011 69
1757609101541 0.720069558930685 70
1757609519468 0.7206133263476753 71
1757609968044 0.720037334909904 72
1757610391716 0.7210605906276313 73
1757610840135 0.7209370137916441 74
1757611262950 0.7200921635963586 75
1757611697748 0.7207193260738509 76
1757612107112 0.7207313913963171 77
1757612543436 0.7206482649544779 78
1757612951824 0.7206875852689447 79
1757613383709 0.7212585246061355 80
1757613792019 0.7198552328810028 81
1757614223893 0.7207164159170075 82
1757614631959 0.7204908300297976 83
1757615064766 0.720307515108193 84
1757615472998 0.7209776893220847 85
1757615905065 0.7208631597216172 86
1757616313311 0.720454486288265 87
1757616745212 0.7207139106843723 88
1757617153215 0.7203594790260821 89
1757617584965 0.7197688351967421 90
1757617993231 0.7197476116949417 91
1757618425286 0.7200179790692303 92
1757618832957 0.7195064085158438 93
1757619264878 0.7216610512523548 94
1757619672995 0.7205695985363014 95
1757620104828 0.7211265473908111 96
1757620513056 0.7196493644501213 97
1757620944597 0.7187528074524366 98
1757621352473 0.7189719090477857 99
