1777450337700 0.7752030134499032 0
1777450424906 0.7709431025652723 1
1777450517932 0.7677350318393779 2
1777450606694 0.7727981305721839 3
1777450700867 0.771509789407394 4
1777450789652 0.7713282201206346 5
1777450882732 0.7712167733378782 6
1777450971322 0.7685610141285797 7
1777451064792 0.7696365498284667 8
1777451153357 0.767373532622093 9
1777451246182 0.7634703787544207 10
1777451334395 0.7643113648816078 11
1777451428067 0.7635152409795489 12
1777451516195 0.7643080587124863 13
1777451609445 0.7621813836883727 14
1777451696888 0.7644078653361093 15
1777451790198 0.7642798705856563 16
1777451878085 0.762818016001204 17
1777451971343 0.7628440166940095 18
1777452059628 0.7579340565258957 19
1777452152467 0.757063107794481 20
1777452239720 0.7571152812714893 21
1777452332480 0.758711201832404 22
1777452419848 0.758723194538504 23
1777452512895 0.7578367654556467 24
1777452601648 0.7564541578047452 25
1777452695108 0.7574098948852301 26
1777452782304 0.7548991174421632 27
1777452874880 0.7569106657163018 28
1777452962949 0.758898802494901 29
1777453055589 0.7589956198677621 30
1777453144575 0.756136679961355 31
1777454214704 0.7559419150419359 32
1777454303431 0.7550867962286834 33
1777454396708 0.7545709954319919 34
1777454485205 0.7529192976242759 35
1777454577834 0.7529114292919793 36
1777454665812 0.7516636938194092 37
1777454757927 0.7515075820268086 38
1777454845725 0.7524488772597142 39
1777454937942 0.7496715094576013 40
1777455025575 0.748817422112688 41
1777455119221 0.7517226672374512 42
1777455207464 0.7533026430084853 43
1777455300527 0.7527803979372253 44
1777455387237 0.7532892251712332 45
1777455480515 0.7528300442938638 46
1777455568993 0.753225859745936 47
1777455660868 0.7517027660900149 48
1777455748215 0.7544575015896647 49
1777455839888 0.7523377375078937 50
1777455926543 0.7507127251559856 51
1777456090349 0.7484204972093262 52
1777456262694 0.7507373517163622 53
1777456354861 0.7505167728827209 54
1777456442547 0.7506965185119692 55
1777456533734 0.7501457668877098 56
1777456620347 0.7499615527342179 57
1777456713251 0.7499399786441794 58
1777456801496 0.748390545232947 59
1777456964151 0.7476022764967971 60
1777457051296 0.7484380657962798 61
1777457143507 0.749914467293361 62
1777457230476 0.7507986555448649 63
1777457322611 0.7488478401802825 64
1777457409970 0.7492857393035642 65
1777457502975 0.7494139595836952 66
1777457590519 0.7498392358349976 67
1777457683356 0.74983619355672 68
1777457769773 0.7484768974905487 69
1777457862888 0.747369497786825 70
1777457949581 0.7489432515230026 71
1777458040790 0.7502080215180753 72
1777458127408 0.7508460963899433 73
1777458218666 0.7500759070986692 74
1777458305892 0.7487190576392646 75
1777458397813 0.7481291418256999 76
1777458484218 0.7497786702241744 77
1777458575609 0.7481265107122929 78
1777458661706 0.7485977556929485 79
1777458752837 0.7488839906746274 80
1777458838839 0.7466563198289842 81
1777458930890 0.7491985983094347 82
1777459017754 0.7480763389930675 83
1777459109511 0.7466437929521881 84
1777459196374 0.7481207182224735 85
1777459288579 0.7482703544914416 86
1777459375598 0.7473914925096106 87
1777459467704 0.7484234475606085 88
1777459555668 0.74927894193764 89
1777459649307 0.7483686615470184 90
1777459737349 0.7492077153950049 91
1777459829407 0.7479651495741897 92
1777459915768 0.7478899831649855 93
1777460077595 0.7498979262553426 94
1777460165060 0.7464361385008357 95
1777460257658 0.7475087427129482 96
1777460344986 0.7478793450899465 97
1777460436879 0.7475700014217945 98
1777460524153 0.7488010737005883 99
