1777367447950 0.7819720954799665 0
1777367550903 0.7704373049641371 1
1777367660232 0.7672738563416815 2
1777367762929 0.7655269125422526 3
1777367871769 0.763855688473596 4
1777367975314 0.7591150047112661 5
1777368083967 0.7556887161001664 6
1777368187640 0.7533829009212163 7
1777368297420 0.7506562715569332 8
1777368422059 0.7480062891535681 9
1777368591030 0.7483991905146714 10
1777368741119 0.7459875080028433 11
1777368921378 0.7451834082024046 12
1777369041309 0.7452948056605087 13
1777369179278 0.7435543422913522 14
1777369312122 0.7415243051206692 15
1777369423986 0.7405134348583924 16
1777369532244 0.7409514655893015 17
1777369644722 0.7407792871684734 18
1777369750910 0.7412315531874945 19
1777369859495 0.739199834703621 20
1777369963290 0.7393566306733573 21
1777370075239 0.7388052765552641 22
1777370182968 0.7384628525307522 23
1777370297027 0.7392499059161417 24
1777370403737 0.7380941109418203 25
1777370515945 0.7381235833069365 26
1777370620507 0.736899997605732 27
1777370730992 0.7366662187024035 28
1777370837412 0.7371812482350645 29
1777370950915 0.7367182928163994 30
1777371057570 0.7369960422569155 31
1777371170464 0.7371822149782375 32
1777371276573 0.7365017158111182 33
1777371388211 0.7368884125015435 34
1777371495094 0.7362080780728181 35
1777371629799 0.7371554064131531 36
1777371773795 0.7357216086778162 37
1777371941323 0.7362069794244691 38
1777372076321 0.7357574551092528 39
1777372209354 0.7346850510952027 40
1777372322058 0.7352599127996216 41
1777372429855 0.7348440137443866 42
1777372548231 0.7346521048594216 43
1777372699929 0.7352935136515073 44
1777372850414 0.7357296495643754 45
1777372975460 0.734981552029199 46
1777373106895 0.7356021980944144 47
1777373245877 0.7370362499657148 48
1777373346851 0.7346008118768419 49
1777373460969 0.7359748395875566 50
1777373599336 0.7344129372652691 51
1777373733536 0.7363382325439284 52
1777373860969 0.7360499394919798 53
1777373993460 0.735260519248349 54
1777374102893 0.7350256514188175 55
1777374218777 0.734366411103952 56
1777374329214 0.7359365749457288 57
1777374445155 0.7353478748754335 58
1777374555355 0.7350006391679236 59
1777374666719 0.7365545778866527 60
1777374767910 0.7358168665932621 61
1777374874573 0.7354075723581058 62
1777374978636 0.7355650155934459 63
1777375118424 0.7354573724071544 64
1777375264499 0.7350599189099801 65
1777375398566 0.7352844743393574 66
1777375566162 0.7332310804180004 67
1777375727724 0.7349808813051919 68
1777375854420 0.734394609218239 69
1777375981080 0.7369332289699051 70
1777376082768 0.7357813102184824 71
1777376209392 0.7343877708393739 72
1777376360943 0.7350988302523906 73
1777376516715 0.7347351284660145 74
1777376630239 0.734154349687327 75
1777376762738 0.7345610884655981 76
1777376889355 0.7345270661111615 77
1777376996032 0.7341853416457704 78
1777377098159 0.7336260128540075 79
1777377204603 0.734838238260412 80
1777377305286 0.7344780506026901 81
1777377412344 0.7350381817557451 82
1777377514446 0.7345568238067515 83
1777377622635 0.7339064297188058 84
1777377723794 0.7367878932669625 85
1777377830272 0.7346083285195714 86
1777377930657 0.7337351190291894 87
1777378037095 0.7337801965338177 88
1777378138566 0.7348846298967139 89
1777378245810 0.7340797097331003 90
1777378346420 0.734340054377828 91
1777378452960 0.7325175843161356 92
1777378553630 0.7348526331488305 93
1777378660332 0.7349410561650449 94
1777378761491 0.7340681649993192 95
1777378869363 0.7350222712472948 96
1777378970835 0.7333628598810417 97
1777379079070 0.7331598325167046 98
1777379179769 0.734519416383918 99
